3,2
3,1
3,3
10,7
10,149
10,266
10,302
10,202
10,76
10,206
10,2
10,3
9,7
9,6
9,1
9,4
8,11
8,16
8,4
8,9
8,2
8,3
20,3
20,2
20,1
19,3
19,2
19,1
12,3
12,2
12,1
11,30
11,29
11,28
11,27
11,26
11,25
11,24
11,23
11,22
11,21
11,20
11,19
11,18
11,17
11,16
11,15
11,14
11,13
11,12
11,11
11,10
11,9
11,8
11,7
11,6
11,5
11,4
11,3
11,2
11,1
10,314
10,312
10,305
10,304
10,303
10,301
10,296
10,289
10,283
10,278
10,277
10,274
10,272
10,269
10,252
10,246
10,242
10,209
10,200
10,193
10,190
10,188
10,182
10,178
10,164
10,154
10,151
10,144
10,135
10,130
10,129
10,127
10,123
10,120
10,119
10,118
10,115
10,93
10,90
10,79
10,74
18,1
18,3
10,73
10,70
